
1st column angular bin (0.02 degree wide,
                        1st   bin from 0.00 degree to 0.02 degree,
                        125th bin from 2.48 degree to 2.50 degree)

2nd column pi0 production differential cross section in mbarn/rad

3rd column its stat. error in mbarn/rad


  Silicon-28 data


  1  0.17149E-01  0.64238E-03
  2  0.45012E-01  0.10565E-02
  3  0.59458E-01  0.12213E-02
  4  0.55607E-01  0.11974E-02
  5  0.53543E-01  0.11824E-02
  6  0.46838E-01  0.11146E-02
  7  0.39856E-01  0.10372E-02
  8  0.34513E-01  0.97053E-03
  9  0.31070E-01  0.92882E-03
 10  0.28495E-01  0.89270E-03
 11  0.26877E-01  0.87110E-03
 12  0.24814E-01  0.83446E-03
 13  0.23596E-01  0.81441E-03
 14  0.20768E-01  0.78024E-03
 15  0.22241E-01  0.79922E-03
 16  0.21834E-01  0.78795E-03
 17  0.21213E-01  0.78455E-03
 18  0.22141E-01  0.79413E-03
 19  0.20627E-01  0.77114E-03
 20  0.21641E-01  0.77898E-03
 21  0.21138E-01  0.77659E-03
 22  0.22273E-01  0.78749E-03
 23  0.22434E-01  0.79232E-03
 24  0.22656E-01  0.79318E-03
 25  0.21442E-01  0.78247E-03
 26  0.24394E-01  0.82061E-03
 27  0.23381E-01  0.81326E-03
 28  0.24029E-01  0.82137E-03
 29  0.23784E-01  0.82036E-03
 30  0.26096E-01  0.85384E-03
 31  0.26106E-01  0.86283E-03
 32  0.28222E-01  0.88288E-03
 33  0.27463E-01  0.87839E-03
 34  0.28756E-01  0.89890E-03
 35  0.30599E-01  0.91845E-03
 36  0.32435E-01  0.94944E-03
 37  0.32853E-01  0.94865E-03
 38  0.31501E-01  0.93740E-03
 39  0.36182E-01  0.99531E-03
 40  0.34538E-01  0.98419E-03
 41  0.36623E-01  0.10033E-02
 42  0.39071E-01  0.10441E-02
 43  0.39222E-01  0.10516E-02
 44  0.38795E-01  0.10431E-02
 45  0.38808E-01  0.10463E-02
 46  0.42487E-01  0.10904E-02
 47  0.44303E-01  0.11087E-02
 48  0.42633E-01  0.11002E-02
 49  0.42604E-01  0.10978E-02
 50  0.47348E-01  0.11510E-02
 51  0.43104E-01  0.11160E-02
 52  0.46596E-01  0.11473E-02
 53  0.47827E-01  0.11684E-02
 54  0.48862E-01  0.11855E-02
 55  0.50028E-01  0.12047E-02
 56  0.48768E-01  0.11900E-02
 57  0.51891E-01  0.12301E-02
 58  0.50857E-01  0.12223E-02
 59  0.52387E-01  0.12414E-02
 60  0.50285E-01  0.12148E-02
 61  0.52791E-01  0.12521E-02
 62  0.52394E-01  0.12547E-02
 63  0.51700E-01  0.12520E-02
 64  0.52510E-01  0.12644E-02
 65  0.50795E-01  0.12492E-02
 66  0.54231E-01  0.12899E-02
 67  0.51408E-01  0.12605E-02
 68  0.52477E-01  0.12786E-02
 69  0.52444E-01  0.12907E-02
 70  0.54971E-01  0.13146E-02
 71  0.52133E-01  0.12942E-02
 72  0.51457E-01  0.27514E-02
 73  0.54327E-01  0.13249E-02
 74  0.52759E-01  0.13093E-02
 75  0.53151E-01  0.13329E-02
 76  0.50853E-01  0.13006E-02
 77  0.50782E-01  0.13189E-02
 78  0.50127E-01  0.13224E-02
 79  0.48546E-01  0.13030E-02
 80  0.48349E-01  0.13051E-02
 81  0.49467E-01  0.21112E-02
 82  0.45550E-01  0.12885E-02
 83  0.46923E-01  0.13064E-02
 84  0.47878E-01  0.13238E-02
 85  0.46536E-01  0.13221E-02
 86  0.44587E-01  0.13112E-02
 87  0.40991E-01  0.12693E-02
 88  0.41724E-01  0.12765E-02
 89  0.39648E-01  0.12703E-02
 90  0.42493E-01  0.13079E-02
 91  0.40545E-01  0.12844E-02
 92  0.39421E-01  0.12939E-02
 93  0.38223E-01  0.12896E-02
 94  0.38925E-01  0.13024E-02
 95  0.37729E-01  0.21346E-02
 96  0.33980E-01  0.12551E-02
 97  0.37051E-01  0.13222E-02
 98  0.33957E-01  0.12844E-02
 99  0.31761E-01  0.12588E-02
100  0.31125E-01  0.12704E-02
101  0.30708E-01  0.12606E-02
102  0.31214E-01  0.12969E-02
103  0.32445E-01  0.13409E-02
104  0.30253E-01  0.13021E-02
105  0.29191E-01  0.13114E-02
106  0.26078E-01  0.12760E-02
107  0.28362E-01  0.13395E-02
108  0.27763E-01  0.22274E-02
109  0.28466E-01  0.13697E-02
110  0.25491E-01  0.13302E-02
111  0.25178E-01  0.13318E-02
112  0.25784E-01  0.13662E-02
113  0.21157E-01  0.12910E-02
114  0.25325E-01  0.13955E-02
115  0.22291E-01  0.13588E-02
116  0.23135E-01  0.14165E-02
117  0.19524E-01  0.13743E-02
118  0.20057E-01  0.13970E-02
119  0.19924E-01  0.14433E-02
120  0.18203E-01  0.14383E-02
121  0.20218E-01  0.15082E-02
122  0.24397E-01  0.16151E-02
123  0.19367E-01  0.15411E-02
124  0.17109E-01  0.15282E-02
125  0.20609E-01  0.16477E-02
126  0.19437E-01  0.16403E-02



  Carbon-12 data

  1  0.31981E-02  0.24109E-03
  2  0.88548E-02  0.39854E-03
  3  0.10600E-01  0.70919E-03
  4  0.10520E-01  0.44509E-03
  5  0.96908E-02  0.43000E-03
  6  0.84371E-02  0.40991E-03
  7  0.70753E-02  0.36794E-03
  8  0.62279E-02  0.35282E-03
  9  0.57147E-02  0.33896E-03
 10  0.52499E-02  0.32420E-03
 11  0.50014E-02  0.32400E-03
 12  0.47612E-02  0.31392E-03
 13  0.44841E-02  0.30775E-03
 14  0.45452E-02  0.31441E-03
 15  0.44492E-02  0.30641E-03
 16  0.48996E-02  0.32111E-03
 17  0.44423E-02  0.30719E-03
 18  0.37063E-02  0.28533E-03
 19  0.41479E-02  0.30561E-03
 20  0.38972E-02  0.45270E-03
 21  0.44907E-02  0.31029E-03
 22  0.42946E-02  0.30765E-03
 23  0.46379E-02  0.31754E-03
 24  0.41461E-02  0.30239E-03
 25  0.48461E-02  0.32490E-03
 26  0.49310E-02  0.32340E-03
 27  0.49929E-02  0.32531E-03
 28  0.52218E-02  0.33132E-03
 29  0.54049E-02  0.33855E-03
 30  0.57866E-02  0.34850E-03
 31  0.65169E-02  0.36458E-03
 32  0.67270E-02  0.37194E-03
 33  0.70443E-02  0.38137E-03
 34  0.66105E-02  0.37071E-03
 35  0.75649E-02  0.39585E-03
 36  0.79929E-02  0.40255E-03
 37  0.83226E-02  0.41411E-03
 38  0.82732E-02  0.41196E-03
 39  0.75884E-02  0.63929E-03
 40  0.94344E-02  0.43736E-03
 41  0.92735E-02  0.43611E-03
 42  0.96489E-02  0.76784E-03
 43  0.96179E-02  0.44944E-03
 44  0.10709E-01  0.46687E-03
 45  0.10072E-01  0.46229E-03
 46  0.11761E-01  0.88026E-03
 47  0.11395E-01  0.49035E-03
 48  0.13001E-01  0.51657E-03
 49  0.13189E-01  0.52434E-03
 50  0.13591E-01  0.53155E-03
 51  0.13277E-01  0.52707E-03
 52  0.13855E-01  0.54326E-03
 53  0.14261E-01  0.55117E-03
 54  0.14667E-01  0.87399E-03
 55  0.15462E-01  0.90321E-03
 56  0.15085E-01  0.56871E-03
 57  0.16312E-01  0.59280E-03
 58  0.17162E-01  0.61095E-03
 59  0.15975E-01  0.59073E-03
 60  0.17533E-01  0.61706E-03
 61  0.18378E-01  0.63017E-03
 62  0.18132E-01  0.63029E-03
 63  0.18126E-01  0.63458E-03
 64  0.18596E-01  0.64555E-03
 65  0.20918E-01  0.68331E-03
 66  0.19821E-01  0.66345E-03
 67  0.20512E-01  0.67427E-03
 68  0.19510E-01  0.66908E-03
 69  0.19095E-01  0.66360E-03
 70  0.21074E-01  0.69922E-03
 71  0.22022E-01  0.71526E-03
 72  0.22137E-01  0.72096E-03
 73  0.21170E-01  0.70992E-03
 74  0.22064E-01  0.72563E-03
 75  0.19914E-01  0.70219E-03
 76  0.21126E-01  0.71865E-03
 77  0.21547E-01  0.72978E-03
 78  0.22775E-01  0.75310E-03
 79  0.21660E-01  0.73907E-03
 80  0.22260E-01  0.75329E-03
 81  0.22903E-01  0.77220E-03
 82  0.23306E-01  0.78594E-03
 83  0.23096E-01  0.78171E-03
 84  0.23543E-01  0.79147E-03
 85  0.22314E-01  0.78056E-03
 86  0.23229E-01  0.79100E-03
 87  0.22972E-01  0.79888E-03
 88  0.24030E-01  0.12248E-02
 89  0.23707E-01  0.81891E-03
 90  0.22540E-01  0.12665E-02
 91  0.23979E-01  0.83197E-03
 92  0.22423E-01  0.81932E-03
 93  0.24550E-01  0.86714E-03
 94  0.22975E-01  0.84626E-03
 95  0.25115E-01  0.88194E-03
 96  0.23268E-01  0.86135E-03
 97  0.23565E-01  0.88027E-03
 98  0.22717E-01  0.87136E-03
 99  0.23510E-01  0.89348E-03
100  0.24982E-01  0.92841E-03
101  0.24914E-01  0.93195E-03
102  0.24676E-01  0.94023E-03
103  0.22621E-01  0.14269E-02
104  0.23006E-01  0.93215E-03
105  0.22462E-01  0.94539E-03
106  0.24190E-01  0.98295E-03
107  0.24443E-01  0.99190E-03
108  0.23376E-01  0.98706E-03
109  0.22737E-01  0.10032E-02
110  0.20661E-01  0.98809E-03
111  0.19919E-01  0.98124E-03
112  0.20307E-01  0.98905E-03
113  0.21316E-01  0.10329E-02
114  0.22669E-01  0.10760E-02
115  0.19933E-01  0.10503E-02
116  0.20761E-01  0.10764E-02
117  0.19168E-01  0.10606E-02
118  0.20369E-01  0.11068E-02
119  0.19336E-01  0.11357E-02
120  0.20196E-01  0.11587E-02
121  0.18969E-01  0.11732E-02
122  0.18343E-01  0.11642E-02
123  0.20113E-01  0.12463E-02
124  0.20048E-01  0.12609E-02
125  0.17328E-01  0.12775E-02
126  0.19164E-01  0.13392E-02
