5.29932
5.29679
5.29171
5.28900
5.28640
5.28010
5.27618
5.27483
5.26506
5.26281
5.25935
5.25688
5.25037
5.24706
5.23991
5.23674
5.23498
5.23128
5.22532
5.22249
5.21384
5.21164
5.20666
5.20200
5.19771
5.19139
5.18636
5.18061
5.17754
5.17360
5.16696
5.16269
5.15780
5.15272
5.14840
5.14335
5.13758
5.13238
5.12743
5.12163
5.11531
5.10909
5.10617
5.10116
5.09592
5.09133
5.08455
5.08147
5.07485
5.06954
5.06386
5.05891
5.05153
5.04925
5.04515
5.03939
5.03323
5.02781
5.02363
5.01801
5.01145
5.00745
5.00129
4.99488
4.99205
4.98484
4.98082
4.97485
4.96952
4.96414
4.95962
4.95530
4.94988
4.94367
4.93766
4.93303
4.92766
4.92135
4.91701
4.91295
4.90605
4.89559
4.89681
4.88824
4.88262
4.87827
4.87300
4.86955
4.86525
4.85648
4.85353
4.84655
4.84205
4.83547
4.83084
4.82420
4.81811
4.81324
4.80873
4.80082
4.79797
4.79207
4.78726
4.78221
4.77755
4.77031
4.76403
4.75822
4.75578
4.74840
4.74318
4.73902
4.73171
4.72588
4.72144
4.71817
4.71092
4.70548
4.69907
4.69387
4.68863
4.68338
4.67818
4.67289
4.66756
4.66221
4.65692
4.64977
4.64758
4.63987
4.63274
4.62694
4.62280
4.61778
4.61152
4.60755
4.60033
4.59507
4.58969
4.58467
4.57961
4.57412
4.56852
4.56326
4.55647
4.55231
4.54723
4.53976
4.53506
4.52804
4.52400
4.51889
4.51193
4.50743
4.50030
4.49496
4.49105
4.48490
4.48076
4.47447
4.46971
4.46303
4.45902
4.45314
4.44726
4.43239
4.43734
4.44230
4.42745
4.42056
4.41540
4.40977
4.40675
4.39929
4.39273
4.38751
4.38219
4.37885
4.37067
4.36640
